iso_code,continent,location,date,total_cases,new_cases,new_cases_smoothed,total_deaths,new_deaths,new_deaths_smoothed,total_cases_per_million,new_cases_per_million,new_cases_smoothed_per_million,total_deaths_per_million,new_deaths_per_million,new_deaths_smoothed_per_million
AFG,Asia,Afghanistan,10/4/2020,39297,7,10,1462,4,1.286,1009.47,0.18,0.257,37.556,0.103,0.033
ARM,Asia,Armenia,10/4/2020,51925,543,407.571,972,6,3.429,17523.085,183.246,137.543,328.02,2.025,1.157
AZE,Asia,Azerbaijan,10/4/2020,40561,108,95.143,595,1,1.429,4000.424,10.652,9.384,58.683,0.099,0.141
BHR,Asia,Bahrain,10/4/2020,72310,507,588.571,258,3,3.143,42495.723,297.958,345.896,151.624,1.763,1.847
BGD,Asia,Bangladesh,10/4/2020,367565,1182,1384.571,5325,20,28,2231.868,7.177,8.407,32.334,0.121,0.17
BTN,Asia,Bhutan,10/4/2020,283,0,1.714,0,0,0,366.765,0,2.222,0,0,0
BRN,Asia,Brunei,10/4/2020,146,0,0,3,0,0,333.727,0,0,6.857,0,0
KHM,Asia,Cambodia,10/4/2020,278,0,0.286,0,0,0,16.628,0,0.017,0,0,0
CHN,Asia,China,10/4/2020,91095,511,91.286,4739,0,0,63.29,0.355,0.063,3.293,0,0
GEO,Asia,Georgia,10/4/2020,8118,554,409.143,50,2,3.143,2035.007,138.876,102.563,12.534,0.501,0.788
IND,Asia,India,10/4/2020,6549373,75829,79548.714,101782,940,1039.857,4745.907,54.948,57.644,73.755,0.681,0.754
IDN,Asia,Indonesia,10/4/2020,299506,4007,4023.857,11055,83,106.714,1094.991,14.65,14.711,40.417,0.303,0.39
IRN,Asia,Iran,10/4/2020,468119,3523,3576.143,26746,179,193.143,5573.313,41.944,42.577,318.431,2.131,2.3
IRQ,Asia,Iraq,10/4/2020,375931,3672,4280.286,9347,49,58.857,9346.286,91.292,106.415,232.382,1.218,1.463
ISR,Asia,Israel,10/4/2020,264857,5955,5393.857,1682,49,34.429,30599.705,687.999,623.168,194.326,5.661,3.978
JPN,Asia,Japan,10/4/2020,85339,571,521.286,1597,7,7.429,674.742,4.515,4.122,12.627,0.055,0.059
JOR,Asia,Jordan,10/4/2020,14749,1099,955.429,88,9,6.429,1445.535,107.712,93.641,8.625,0.882,0.63
KAZ,Asia,Kazakhstan,10/4/2020,141748,264,224.714,2083,0,5,7549.141,14.06,11.968,110.935,0,0.266
KWT,Asia,Kuwait,10/4/2020,106458,371,465.571,620,5,3.286,24928.329,86.874,109.019,145.18,1.171,0.769
KGZ,Asia,Kyrgyzstan,10/4/2020,47428,244,168.143,1066,1,0.429,7269.56,37.399,25.772,163.392,0.153,0.066
LAO,Asia,Laos,10/4/2020,23,0,0,0,0,0,3.161,0,0,0,0,0
LBN,Asia,Lebanon,10/4/2020,43494,1321,1178.857,398,12,8.286,6372.335,193.541,172.715,58.311,1.758,1.214
MYS,Asia,Malaysia,10/4/2020,12088,317,188.429,137,1,0.571,373.478,9.794,5.822,4.233,0.031,0.018
MDV,Asia,Maldives,10/4/2020,10465,67,60,34,0,0,19360.198,123.95,111,62.9,0,0
MNG,Asia,Mongolia,10/4/2020,313,0,0,0,0,0,95.477,0,0,0,0,0
MMR,Asia,Myanmar,10/4/2020,16503,978,930.286,371,18,24.714,303.309,17.975,17.098,6.819,0.331,0.454
NPL,Asia,Nepal,10/4/2020,84570,2120,1821.286,528,8,8.714,2902.514,72.76,62.508,18.121,0.275,0.299
OMN,Asia,Oman,10/4/2020,98585,0,382.571,935,0,7.143,19305.326,0,74.917,183.096,0,1.399
PAK,Asia,Pakistan,10/4/2020,314616,632,620.143,6513,6,8,1424.296,2.861,2.807,29.485,0.027,0.036
PSE,Asia,Palestine,10/4/2020,52013,406,491.571,390,11,8,10195.797,79.586,96.36,76.449,2.156,1.568
PHL,Asia,Philippines,10/4/2020,319330,2652,2582,5678,62,56.286,2914.098,24.201,23.562,51.816,0.566,0.514
QAT,Asia,Qatar,10/4/2020,126339,175,212.714,216,1,0.286,43851.569,60.742,73.832,74.972,0.347,0.099
SAU,Asia,Saudi Arabia,10/4/2020,335997,419,458.143,4850,27,27.857,9651.24,12.035,13.16,139.312,0.776,0.8
SGP,Asia,Singapore,10/4/2020,57800,6,16.429,27,0,0,9879.763,1.026,2.808,4.615,0,0
KOR,Asia,South Korea,10/4/2020,24091,64,68.571,421,1,2.857,469.892,1.248,1.337,8.212,0.02,0.056
LKA,Asia,Sri Lanka,10/4/2020,3396,8,6.714,13,0,0,158.593,0.374,0.314,0.607,0,0
SYR,Asia,Syria,10/4/2020,4329,40,41.571,204,1,2.286,247.362,2.286,2.375,11.657,0.057,0.131
TWN,Asia,Taiwan,10/4/2020,517,0,1,7,0,0,21.707,0,0.042,0.294,0,0
TJK,Asia,Tajikistan,10/4/2020,9895,43,41.429,77,0,0.286,1037.468,4.508,4.344,8.073,0,0.03
THA,Asia,Thailand,10/4/2020,3583,0,8.571,59,0,0,51.332,0,0.123,0.845,0,0
TLS,Asia,Timor,10/4/2020,28,0,0.143,0,0,0,21.237,0,0.108,0,0,0
TUR,Asia,Turkey,10/4/2020,323014,1502,1435.429,8384,59,65,3829.945,17.809,17.02,99.408,0.7,0.771
ARE,Asia,United Arab Emirates,10/4/2020,97760,1231,1020.286,426,2,2.143,9884.332,124.464,103.159,43.072,0.202,0.217
UZB,Asia,Uzbekistan,10/4/2020,58421,645,495.429,479,4,3.571,1745.515,19.271,14.803,14.312,0.12,0.107
VNM,Asia,Vietnam,10/4/2020,1096,0,3.857,35,0,0,11.26,0,0.04,0.36,0,0
YEM,Asia,Yemen,10/4/2020,2044,1,1.571,590,2,0.286,68.531,0.034,0.053,19.781,0.067,0.01
